0718529364
0716824935
0716924835
0615793824
0741829635
0471692853
0641792853
0681742953
0571682493
0851692473
0681592473
0861379425
0461973825
0751863924
0751693842
0386192574
0574182963
0369184275
0647185293
0695184273
0586137942
0752813964
0682713594
0752814936
0862714953
0369714258
0639714258
0469318257
0964718253
0635819427
0736815924
0796318524
0495813627
0736814952
0286931475
0582731946
0572681493
0369281475
0479261358
0369741825
0369581427
0536971428
0849731625
0479631852
0258693147
0258693174
0257948136
0592683147
0582963147
0852974136
0358297146
0396824175
0386925147
0536928147
0538629147
0946827135
0584973162
0685297413
0369724815
0738629514
0384792516
0539682417
0758293641
0579382461
5061728394
7031958246
7081469253
6091473825
7061953842
3079152864
9053172864
6074182539
3068174295
7063184295
7048136295
6057138249
6058137249
7048159263
3075196824
8073169524
4075186392
5029713864
7028613594
8027519463
4038619257
7035914286
3069518427
5069713824
7036814952
9035281746
4075281396
8036971425
4073681592
4079631852
5046831792
7029584136
4079258136
5046827139
7036958142
4083579162
2058497316
7025869314
6025794813
4085269713
3047926815
6035829714
5069728314
7038692514
5094682713
6025793841
4053972861
6038479251
1807429635
7206195384
8207146935
6804152973
3605197248
6307185249
3708146925
7306195824
4803179625
8603147925
9603175824
9504186372
4208619753
4802619753
3704915286
4905317286
4708619253
5704619283
3704815926
3804915726
3605817429
3708516924
8304915726
9304815726
5306817429
5706318429
4605713829
7405813629
5704813629
8407316952
9407316852
7405813692
9203681475
5209741386
8206951473
4703581926
5703841926
5703691842
4209683175
7502683149
3508627149
3908526174
6307529148
6307529184
4809627135
6407528139
3509647182
5803697142
7209485316
6207485913
6405827319
6407925813
6205849731
8502963741
4702586931
6308529741
8306925741
5304792681
4603582971
7403862951
4809362751
4609582731
3509468271
8304796251
6405397281
1850296374
1470692538
1580742963
1480936275
1460958273
9150268374
4180279635
5190372864
6150942837
5180742963
8130695247
5180369247
5190637248
4150968273
8150964273
8170369524
7140839625
6170835924
7180539642
2750814639
2970415863
2790514683
9420617538
7420915863
5820714693
8620514973
5390417268
7460915283
7480915263
4630718529
9630815724
9630718524
5860319724
5790316824
4730619582
9630418572
9460317582
5860314792
2470831695
2580731649
6420831975
5920741863
8520741963
4930271685
8470251693
6370491528
5360741829
6490531728
6470831925
5840731629
6370481592
6830491572
6930481572
9530681742
2580369147
2570369184
2480596137
2580946137
6820374195
5820369147
5920368147
9520368147
5820379164
6920847135
6820974135
7380246195
5380296174
4630279185
4930286175
9630258174
9630275184
4680279135
4970286135
7530649182
6470358192
2580369714
6420837915
5720869314
7420695813
5380269714
4730286915
4750268319
4790258613
4630752918
6490352817
2750946831
9520738641
9360285741
9630285741
6350842791
6470392581
5740369281
5740386291
1572084936
1963028574
1693074258
1497036258
1647039258
1748059263
1695084273
1793048526
1849035726
8142097536
6172094853
8172064953
3179025864
8137025964
9147025863
8147069253
6158094273
6195084273
3148097526
5164083972
2519084736
2716094853
9415026837
6417028539
5716024839
8516024793
6815024793
5713084296
6417038259
6415097283
8413097526
9713068524
7516038429
7518036924
6415093827
8519063724
9613074852
9417036852
6814039752
7419053862
5714083962
2963041857
2586031479
2968041753
5286031479
5286091473
6275091483
3742091586
3582071469
3862051497
9742051863
3748091526
8539041726
8536071429
6835091427
8473091526
5849031726
9463071852
5847031692
2938046157
2683049157
2579084136
5283079164
9283075164
5247083169
7249053168
6258093174
6257048139
3842096157
3592074186
6952073184
6852074139
3847025169
9538026174
5946027138
3849057162
2539084716
2483097516
2964085713
2758094613
5263079418
6257038419
7248059613
6295084713
7582036914
2574039681
3642097581
3742096851
8642097531
8473025961
9463028571
3748096251
1526908473
1758203649
1695203748
1357902468
1586902473
1857902463
1869304752
4196302857
3174805926
3169508427
9148307526
8149703625
3164908572
3175804692
6157903842
6174809352
2617509483
8317206495
4716208359
9615207483
9314702586
4813702596
6814702953
7516902483
9318407526
4713908526
8613509427
9613807425
4615703829
4619703825
6314809752
7519403862
7516408392
2961307485
2581703649
6271309485
6251903748
7241905386
9241706358
6271409358
6251908473
3681502479
7941502683
9641702853
6851902473
3841905726
3741906825
9741306825
3571408692
9741306852
7581403692
2693804175
2683509147
2579304186
2586307149
2584703169
4273609158
7283905146
4296308157
9248306157
4258603179
6257903148
3827905146
9528307146
6924803175
3974205186
3974206158
9384206175
9358207146
7386205149
3584906172
6374809152
2793804615
6257908413
3724805916
3724908516
3529607418
3685207419
4695207318
4685209713
3594602718
3584902716
6357902418
6275309481
6258403971
3724805961
3629508471
8529307461
8526307941
8524703961
4758203691
6394802751
1926830475
1829630475
1852930746
1972480536
1475820369
1475820639
1468370259
1386490572
7182530946
8192570364
3168520974
9138620574
5196820374
4179620835
3185960247
4139680275
5197380246
4179630852
2918530746
2819460357
5316820794
5319720864
4815720369
4718520369
5716820394
5819720364
4716920835
5916420837
5314790286
5317480296
4619730285
7418630259
7418630295
7419630285
5914730286
7316490852
7316950842
4819630752
7419630852
2471860359
2751840396
2751940386
2951840736
9261370485
5291380746
8271350946
9281470635
8251940736
3961520748
5861720394
3691470258
3681470295
5791380246
9461370852
5961380742
2974130685
2857130649
2758140369
2859160374
4286130975
4279130685
4258170369
4275180369
9258170364
3625190847
3825190647
8627140935
3794150268
3964170285
3685190247
8357160249
3864150972
3685140792
9364180572
2469350817
4295380716
5269380417
4259630718
3724690518
3728690514
8427360915
7429630815
7425960318
3692470815
7382490516
4682730915
5369720814
4738620519
3728590641
5726390841
3692470851
8352960741
4736920581
1827935046
1526974038
1728649053
1372859064
1572639084
1592683047
1792853064
1862974035
1475296038
1479258036
1396852074
1473692058
1379485026
3185297046
9137285046
3195847026
6135849027
2417963085
2817469053
9318257046
5317269084
4819257036
8419257036
4716258093
9417268053
9413862057
5713869024
2481963075
6291483075
6291853074
3741596028
6831479025
5741863029
2963185047
2586137049
2596137048
9263184075
9263185047
9283175064
9248136075
9247186035
6275184039
6275194038
4296158073
9247185063
6275194083
6295184073
3829164075
3529168074
6827135094
6825194073
3579162084
3579168024
2736814059
4285713069
5297413068
5269713084
4285916037
5296418073
9425817036
8427915063
3792514086
5396417028
4835916027
5369247081
1529748306
1682793504
1483975206
3172864905
4152968307
4138279605
4179285306
5186297403
3179625804
3184975206
4139685207
6137948502
2619753804
2418596307
9317286405
6318529704
6314859207
2971386405
2581369704
2951863704
5241796308
6931825704
6471825309
2594186307
4283179605
7248159603
6824195307
7529168304
3649157208
4953168207
4683179205
2936815704
4259613708
4286915703
3629518407
9427318506
9428317506
5926318407
5924813607
5924718603
9352814706
4682713509
4682519703
2483591607
5283741906
3529641807
6428591307
4938271605
1642839750
1463928570
7142869350
6152974830
4159268370
5184279630
3147925860
2613794850
5317286490
7419268350
7418296350
7415296830
5714286930
6417928530
6314792580
7413692850
7413862950
6318497520
4713968520
7413968520
2581369740
5261379480
8241796350
7241859630
5281479630
8531629740
5741829630
3941862750
6491372850
5741396820
2594186370
7263185940
4258136970
4295186370
7249185360
3528174690
7528139640
8524179360
8524179630
3594172680
6394182570
4953172860
4693182570
2497316850
3724815960
3925817460
5724819630
3692814750
4752916830
2483961570
4293681570
5283791640
5249731680
3742951860
3742961580
3942861750
3592471860
3582971460
3582961740
5369281470
4283975160
5384296170
5394286170
4639258170
